<?xml version="1.0" encoding="UTF-8" standalone="no" ?>
<COLLADA xmlns="http://www.collada.org/2005/11/COLLADASchema" version="1.4.1">
    <asset>
        <contributor>
            <authoring_tool>SketchUp 19.0.685</authoring_tool>
        </contributor>
        <created>2020-06-13T03:07:21Z</created>
        <modified>2020-06-13T03:07:21Z</modified>
        <unit meter="0.0254" name="inch" />
        <up_axis>Z_UP</up_axis>
    </asset>
    <library_cameras>
        <camera id="ID1" name="skp_camera_Last_Saved_SketchUp_View">
            <optics>
                <technique_common>
                    <perspective>
                        <yfov>35</yfov>
                        <aspect_ratio>0</aspect_ratio>
                        <znear>1</znear>
                        <zfar>1000</zfar>
                    </perspective>
                </technique_common>
            </optics>
        </camera>
    </library_cameras>
    <library_visual_scenes>
        <visual_scene id="ID2">
            <node name="SketchUp">
                <node name="skp_camera_Last_Saved_SketchUp_View">
                    <matrix>0.7139508 -0.1251792 0.6889154 36.5413 0.7001958 0.1276383 -0.7024487 -34.32808 1.387779e-17 0.9838896 0.1787774 22.64013 0 0 0 1</matrix>
                    <instance_camera url="#ID1" />
                </node>
                <node id="ID3" name="group_0">
                    <matrix>-1 5.551115e-17 0 13.28478 -5.551115e-17 -1 0 10.8865 0 0 1 0 0 0 0 1</matrix>
                    <node id="ID4" name="group_1">
                        <matrix>0.77406 0 0 10.23689 0 0.77406 0 -3.552714e-15 0 0 0.77406 10.23689 0 0 0 1</matrix>
                        <node id="ID5" name="group_2">
                            <matrix>1 0 0 0.7589263 0 1 0 2.88189 0 0 1 0.7589263 0 0 0 1</matrix>
                            <node id="ID6" name="instance_0">
                                <matrix>1 0 0 0 0 -1 0 2.476378 -0 0 1 0 0 0 0 1</matrix>
                                <instance_geometry url="#ID7">
                                    <bind_material>
                                        <technique_common>
                                            <instance_material symbol="Material2" target="#ID8">
                                                <bind_vertex_input semantic="UVSET0" input_semantic="TEXCOORD" input_set="0" />
                                            </instance_material>
                                            <instance_material symbol="Material3" target="#ID13">
                                                <bind_vertex_input semantic="UVSET0" input_semantic="TEXCOORD" input_set="0" />
                                            </instance_material>
                                        </technique_common>
                                    </bind_material>
                                </instance_geometry>
                            </node>
                            <node id="ID17" name="instance_1">
                                <matrix>1 0 0 0 0 1 0 2.476378 0 0 1 0 0 0 0 1</matrix>
                                <instance_geometry url="#ID18">
                                    <bind_material>
                                        <technique_common>
                                            <instance_material symbol="Material2" target="#ID8">
                                                <bind_vertex_input semantic="UVSET0" input_semantic="TEXCOORD" input_set="0" />
                                            </instance_material>
                                            <instance_material symbol="Material3" target="#ID13">
                                                <bind_vertex_input semantic="UVSET0" input_semantic="TEXCOORD" input_set="0" />
                                            </instance_material>
                                        </technique_common>
                                    </bind_material>
                                </instance_geometry>
                            </node>
                            <node id="ID24" name="instance_2">
                                <matrix>-1 0 0 6.35722 0 -1 0 2.476378 0 0 1 0 0 0 0 1</matrix>
                                <instance_geometry url="#ID25">
                                    <bind_material>
                                        <technique_common>
                                            <instance_material symbol="Material2" target="#ID8">
                                                <bind_vertex_input semantic="UVSET0" input_semantic="TEXCOORD" input_set="0" />
                                            </instance_material>
                                            <instance_material symbol="Material3" target="#ID13">
                                                <bind_vertex_input semantic="UVSET0" input_semantic="TEXCOORD" input_set="0" />
                                            </instance_material>
                                        </technique_common>
                                    </bind_material>
                                </instance_geometry>
                            </node>
                            <node id="ID31" name="instance_3">
                                <matrix>-1 0 0 6.35722 0 1 0 2.476378 0 -0 1 0 0 0 0 1</matrix>
                                <instance_geometry url="#ID32">
                                    <bind_material>
                                        <technique_common>
                                            <instance_material symbol="Material2" target="#ID8">
                                                <bind_vertex_input semantic="UVSET0" input_semantic="TEXCOORD" input_set="0" />
                                            </instance_material>
                                            <instance_material symbol="Material3" target="#ID13">
                                                <bind_vertex_input semantic="UVSET0" input_semantic="TEXCOORD" input_set="0" />
                                            </instance_material>
                                        </technique_common>
                                    </bind_material>
                                </instance_geometry>
                            </node>
                        </node>
                        <node id="ID38" name="group_3">
                            <matrix>1 0 0 2.067458 0 1 0 3.818898 0 0 1 6.125956 0 0 0 1</matrix>
                            <node id="ID39" name="instance_4">
                                <matrix>-1 0 0 3.740157 0 -1 0 3.740157 0 0 1 0 0 0 0 1</matrix>
                                <instance_geometry url="#ID40">
                                    <bind_material>
                                        <technique_common>
                                            <instance_material symbol="Material2" target="#ID8">
                                                <bind_vertex_input semantic="UVSET0" input_semantic="TEXCOORD" input_set="0" />
                                            </instance_material>
                                            <instance_material symbol="Material3" target="#ID13">
                                                <bind_vertex_input semantic="UVSET0" input_semantic="TEXCOORD" input_set="0" />
                                            </instance_material>
                                        </technique_common>
                                    </bind_material>
                                </instance_geometry>
                            </node>
                            <node id="ID46" name="instance_5">
                                <matrix>1 0 0 0 0 1 0 0 0 0 1 0 0 0 0 1</matrix>
                                <instance_geometry url="#ID47">
                                    <bind_material>
                                        <technique_common>
                                            <instance_material symbol="Material2" target="#ID8">
                                                <bind_vertex_input semantic="UVSET0" input_semantic="TEXCOORD" input_set="0" />
                                            </instance_material>
                                            <instance_material symbol="Material3" target="#ID13">
                                                <bind_vertex_input semantic="UVSET0" input_semantic="TEXCOORD" input_set="0" />
                                            </instance_material>
                                        </technique_common>
                                    </bind_material>
                                </instance_geometry>
                            </node>
                        </node>
                        <node id="ID53" name="instance_6">
                            <matrix>0.3826834 -1.336984e-16 0.9238795 3.742538 -1.627808e-16 1 2.121401e-16 7.834646 -0.9238795 -2.315724e-16 0.3826834 4.408304 0 0 0 1</matrix>
                            <instance_geometry url="#ID54">
                                <bind_material>
                                    <technique_common>
                                        <instance_material symbol="Material2" target="#ID8">
                                            <bind_vertex_input semantic="UVSET0" input_semantic="TEXCOORD" input_set="0" />
                                        </instance_material>
                                        <instance_material symbol="Material3" target="#ID13">
                                            <bind_vertex_input semantic="UVSET0" input_semantic="TEXCOORD" input_set="0" />
                                        </instance_material>
                                    </technique_common>
                                </bind_material>
                            </instance_geometry>
                        </node>
                        <node id="ID60" name="instance_7">
                            <matrix>-0.1305262 -2.558747e-16 0.9914449 4.004047 -2.870841e-16 1 2.202873e-16 7.834646 -0.9914449 -2.558747e-16 -0.1305262 4.442732 0 0 0 1</matrix>
                            <instance_geometry url="#ID61">
                                <bind_material>
                                    <technique_common>
                                        <instance_material symbol="Material2" target="#ID8">
                                            <bind_vertex_input semantic="UVSET0" input_semantic="TEXCOORD" input_set="0" />
                                        </instance_material>
                                        <instance_material symbol="Material3" target="#ID13">
                                            <bind_vertex_input semantic="UVSET0" input_semantic="TEXCOORD" input_set="0" />
                                        </instance_material>
                                    </technique_common>
                                </bind_material>
                            </instance_geometry>
                        </node>
                        <node id="ID67" name="instance_8">
                            <matrix>-0.3826834 -3.174901e-16 0.9238795 4.132534 -3.465725e-16 1 2.000937e-16 7.834646 -0.9238795 -2.436187e-16 -0.3826834 4.408304 0 0 0 1</matrix>
                            <instance_geometry url="#ID68">
                                <bind_material>
                                    <technique_common>
                                        <instance_material symbol="Material2" target="#ID8">
                                            <bind_vertex_input semantic="UVSET0" input_semantic="TEXCOORD" input_set="0" />
                                        </instance_material>
                                        <instance_material symbol="Material3" target="#ID13">
                                            <bind_vertex_input semantic="UVSET0" input_semantic="TEXCOORD" input_set="0" />
                                        </instance_material>
                                    </technique_common>
                                </bind_material>
                            </instance_geometry>
                        </node>
                        <node id="ID74" name="instance_9">
                            <matrix>-0.6087614 -3.738338e-16 0.7933533 4.247734 -3.988075e-16 1 1.651915e-16 7.834646 -0.7933533 -2.15833e-16 -0.6087614 4.341793 0 0 0 1</matrix>
                            <instance_geometry url="#ID75">
                                <bind_material>
                                    <technique_common>
                                        <instance_material symbol="Material2" target="#ID8">
                                            <bind_vertex_input semantic="UVSET0" input_semantic="TEXCOORD" input_set="0" />
                                        </instance_material>
                                        <instance_material symbol="Material3" target="#ID13">
                                            <bind_vertex_input semantic="UVSET0" input_semantic="TEXCOORD" input_set="0" />
                                        </instance_material>
                                    </technique_common>
                                </bind_material>
                            </instance_geometry>
                        </node>
                        <node id="ID81" name="instance_10">
                            <matrix>-0.7933533 -4.210662e-16 0.6087614 4.341793 -4.402292e-16 1 1.179591e-16 7.834646 -0.6087614 -1.744113e-16 -0.7933533 4.247734 0 0 0 1</matrix>
                            <instance_geometry url="#ID82">
                                <bind_material>
                                    <technique_common>
                                        <instance_material symbol="Material2" target="#ID8">
                                            <bind_vertex_input semantic="UVSET0" input_semantic="TEXCOORD" input_set="0" />
                                        </instance_material>
                                        <instance_material symbol="Material3" target="#ID13">
                                            <bind_vertex_input semantic="UVSET0" input_semantic="TEXCOORD" input_set="0" />
                                        </instance_material>
                                    </technique_common>
                                </bind_material>
                            </instance_geometry>
                        </node>
                        <node id="ID88" name="instance_11">
                            <matrix>-0.9238795 -4.559685e-16 0.3826834 4.408304 -4.680148e-16 1 6.161532e-17 7.834646 -0.3826834 -1.221764e-16 -0.9238795 4.132534 0 0 0 1</matrix>
                            <instance_geometry url="#ID89">
                                <bind_material>
                                    <technique_common>
                                        <instance_material symbol="Material2" target="#ID8">
                                            <bind_vertex_input semantic="UVSET0" input_semantic="TEXCOORD" input_set="0" />
                                        </instance_material>
                                        <instance_material symbol="Material3" target="#ID13">
                                            <bind_vertex_input semantic="UVSET0" input_semantic="TEXCOORD" input_set="0" />
                                        </instance_material>
                                    </technique_common>
                                </bind_material>
                            </instance_geometry>
                        </node>
                        <node id="ID95" name="instance_12">
                            <matrix>-0.9914449 -4.761621e-16 0.1305262 4.442732 -4.802709e-16 1 -8.040218e-29 7.834646 -0.1305262 -6.268793e-17 -0.9914449 4.004047 0 0 0 1</matrix>
                            <instance_geometry url="#ID96">
                                <bind_material>
                                    <technique_common>
                                        <instance_material symbol="Material2" target="#ID8">
                                            <bind_vertex_input semantic="UVSET0" input_semantic="TEXCOORD" input_set="0" />
                                        </instance_material>
                                        <instance_material symbol="Material3" target="#ID13">
                                            <bind_vertex_input semantic="UVSET0" input_semantic="TEXCOORD" input_set="0" />
                                        </instance_material>
                                    </technique_common>
                                </bind_material>
                            </instance_geometry>
                        </node>
                        <node id="ID102" name="instance_13">
                            <matrix>-0.9914449 -4.802709e-16 -0.1305262 4.442732 -4.761621e-16 1 -6.268793e-17 7.834646 0.1305262 7.835607e-29 -0.9914449 3.871026 0 0 0 1</matrix>
                            <instance_geometry url="#ID103">
                                <bind_material>
                                    <technique_common>
                                        <instance_material symbol="Material2" target="#ID8">
                                            <bind_vertex_input semantic="UVSET0" input_semantic="TEXCOORD" input_set="0" />
                                        </instance_material>
                                        <instance_material symbol="Material3" target="#ID13">
                                            <bind_vertex_input semantic="UVSET0" input_semantic="TEXCOORD" input_set="0" />
                                        </instance_material>
                                    </technique_common>
                                </bind_material>
                            </instance_geometry>
                        </node>
                        <node id="ID109" name="instance_14">
                            <matrix>-0.9238795 -4.680148e-16 -0.3826834 4.408304 -4.559685e-16 1 -1.221764e-16 7.834646 0.3826834 6.161532e-17 -0.9238795 3.742538 0 0 0 1</matrix>
                            <instance_geometry url="#ID110">
                                <bind_material>
                                    <technique_common>
                                        <instance_material symbol="Material2" target="#ID8">
                                            <bind_vertex_input semantic="UVSET0" input_semantic="TEXCOORD" input_set="0" />
                                        </instance_material>
                                        <instance_material symbol="Material3" target="#ID13">
                                            <bind_vertex_input semantic="UVSET0" input_semantic="TEXCOORD" input_set="0" />
                                        </instance_material>
                                    </technique_common>
                                </bind_material>
                            </instance_geometry>
                        </node>
                        <node id="ID116" name="instance_15">
                            <matrix>-0.7933533 -4.402292e-16 -0.6087614 4.341793 -4.210662e-16 1 -1.744113e-16 7.834646 0.6087614 1.179591e-16 -0.7933533 3.627339 0 0 0 1</matrix>
                            <instance_geometry url="#ID117">
                                <bind_material>
                                    <technique_common>
                                        <instance_material symbol="Material2" target="#ID8">
                                            <bind_vertex_input semantic="UVSET0" input_semantic="TEXCOORD" input_set="0" />
                                        </instance_material>
                                        <instance_material symbol="Material3" target="#ID13">
                                            <bind_vertex_input semantic="UVSET0" input_semantic="TEXCOORD" input_set="0" />
                                        </instance_material>
                                    </technique_common>
                                </bind_material>
                            </instance_geometry>
                        </node>
                        <node id="ID123" name="instance_16">
                            <matrix>-0.6087614 -3.988075e-16 -0.7933533 4.247734 -3.738338e-16 1 -2.15833e-16 7.834646 0.7933533 1.651915e-16 -0.6087614 3.533279 0 0 0 1</matrix>
                            <instance_geometry url="#ID124">
                                <bind_material>
                                    <technique_common>
                                        <instance_material symbol="Material2" target="#ID8">
                                            <bind_vertex_input semantic="UVSET0" input_semantic="TEXCOORD" input_set="0" />
                                        </instance_material>
                                        <instance_material symbol="Material3" target="#ID13">
                                            <bind_vertex_input semantic="UVSET0" input_semantic="TEXCOORD" input_set="0" />
                                        </instance_material>
                                    </technique_common>
                                </bind_material>
                            </instance_geometry>
                        </node>
                        <node id="ID130" name="instance_17">
                            <matrix>-0.3826834 -3.465725e-16 -0.9238795 4.132534 -3.174901e-16 1 -2.436187e-16 7.834646 0.9238795 2.000937e-16 -0.3826834 3.466769 0 0 0 1</matrix>
                            <instance_geometry url="#ID131">
                                <bind_material>
                                    <technique_common>
                                        <instance_material symbol="Material2" target="#ID8">
                                            <bind_vertex_input semantic="UVSET0" input_semantic="TEXCOORD" input_set="0" />
                                        </instance_material>
                                        <instance_material symbol="Material3" target="#ID13">
                                            <bind_vertex_input semantic="UVSET0" input_semantic="TEXCOORD" input_set="0" />
                                        </instance_material>
                                    </technique_common>
                                </bind_material>
                            </instance_geometry>
                        </node>
                        <node id="ID137" name="instance_18">
                            <matrix>-0.1305262 -2.870841e-16 -0.9914449 4.004047 -2.558747e-16 1 -2.558747e-16 7.834646 0.9914449 2.202873e-16 -0.1305262 3.432341 0 0 0 1</matrix>
                            <instance_geometry url="#ID138">
                                <bind_material>
                                    <technique_common>
                                        <instance_material symbol="Material2" target="#ID8">
                                            <bind_vertex_input semantic="UVSET0" input_semantic="TEXCOORD" input_set="0" />
                                        </instance_material>
                                        <instance_material symbol="Material3" target="#ID13">
                                            <bind_vertex_input semantic="UVSET0" input_semantic="TEXCOORD" input_set="0" />
                                        </instance_material>
                                    </technique_common>
                                </bind_material>
                            </instance_geometry>
                        </node>
                        <node id="ID144" name="instance_19">
                            <matrix>0.1305262 -2.243961e-16 -0.9914449 3.871026 -1.931868e-16 1 -2.51766e-16 7.834646 0.9914449 2.243961e-16 0.1305262 3.432341 0 0 0 1</matrix>
                            <instance_geometry url="#ID145">
                                <bind_material>
                                    <technique_common>
                                        <instance_material symbol="Material2" target="#ID8">
                                            <bind_vertex_input semantic="UVSET0" input_semantic="TEXCOORD" input_set="0" />
                                        </instance_material>
                                        <instance_material symbol="Material3" target="#ID13">
                                            <bind_vertex_input semantic="UVSET0" input_semantic="TEXCOORD" input_set="0" />
                                        </instance_material>
                                    </technique_common>
                                </bind_material>
                            </instance_geometry>
                        </node>
                        <node id="ID151" name="instance_20">
                            <matrix>0.3826834 -1.627808e-16 -0.9238795 3.742538 -1.336984e-16 1 -2.315724e-16 7.834646 0.9238795 2.121401e-16 0.3826834 3.466769 0 0 0 1</matrix>
                            <instance_geometry url="#ID152">
                                <bind_material>
                                    <technique_common>
                                        <instance_material symbol="Material2" target="#ID8">
                                            <bind_vertex_input semantic="UVSET0" input_semantic="TEXCOORD" input_set="0" />
                                        </instance_material>
                                        <instance_material symbol="Material3" target="#ID13">
                                            <bind_vertex_input semantic="UVSET0" input_semantic="TEXCOORD" input_set="0" />
                                        </instance_material>
                                    </technique_common>
                                </bind_material>
                            </instance_geometry>
                        </node>
                        <node id="ID158" name="instance_21">
                            <matrix>0.6087614 -1.064371e-16 -0.7933533 3.627339 -8.146341e-17 1 -1.966701e-16 7.834646 0.7933533 1.843544e-16 0.6087614 3.533279 0 0 0 1</matrix>
                            <instance_geometry url="#ID159">
                                <bind_material>
                                    <technique_common>
                                        <instance_material symbol="Material2" target="#ID8">
                                            <bind_vertex_input semantic="UVSET0" input_semantic="TEXCOORD" input_set="0" />
                                        </instance_material>
                                        <instance_material symbol="Material3" target="#ID13">
                                            <bind_vertex_input semantic="UVSET0" input_semantic="TEXCOORD" input_set="0" />
                                        </instance_material>
                                    </technique_common>
                                </bind_material>
                            </instance_geometry>
                        </node>
                        <node id="ID165" name="instance_22">
                            <matrix>0.7933533 -5.920467e-17 -0.6087614 3.533279 -4.00417e-17 1 -1.494377e-16 7.834646 0.6087614 1.429327e-16 0.7933533 3.627339 0 0 0 1</matrix>
                            <instance_geometry url="#ID166">
                                <bind_material>
                                    <technique_common>
                                        <instance_material symbol="Material2" target="#ID8">
                                            <bind_vertex_input semantic="UVSET0" input_semantic="TEXCOORD" input_set="0" />
                                        </instance_material>
                                        <instance_material symbol="Material3" target="#ID13">
                                            <bind_vertex_input semantic="UVSET0" input_semantic="TEXCOORD" input_set="0" />
                                        </instance_material>
                                    </technique_common>
                                </bind_material>
                            </instance_geometry>
                        </node>
                        <node id="ID172" name="instance_23">
                            <matrix>0.9238795 -2.430239e-17 -0.3826834 3.466769 -1.225605e-17 1 -9.309394e-17 7.834646 0.3826834 9.069777e-17 0.9238795 3.742538 0 0 0 1</matrix>
                            <instance_geometry url="#ID173">
                                <bind_material>
                                    <technique_common>
                                        <instance_material symbol="Material2" target="#ID8">
                                            <bind_vertex_input semantic="UVSET0" input_semantic="TEXCOORD" input_set="0" />
                                        </instance_material>
                                        <instance_material symbol="Material3" target="#ID13">
                                            <bind_vertex_input semantic="UVSET0" input_semantic="TEXCOORD" input_set="0" />
                                        </instance_material>
                                    </technique_common>
                                </bind_material>
                            </instance_geometry>
                        </node>
                        <node id="ID179" name="instance_24">
                            <matrix>0.9914449 -4.108784e-18 -0.1305262 3.51828 5.28167e-30 1 -3.147862e-17 0 0.1305262 3.120931e-17 0.9914449 3.88234 0 0 0 1</matrix>
                            <instance_geometry url="#ID180">
                                <bind_material>
                                    <technique_common>
                                        <instance_material symbol="Material2" target="#ID8">
                                            <bind_vertex_input semantic="UVSET0" input_semantic="TEXCOORD" input_set="0" />
                                        </instance_material>
                                        <instance_material symbol="Material3" target="#ID13">
                                            <bind_vertex_input semantic="UVSET0" input_semantic="TEXCOORD" input_set="0" />
                                        </instance_material>
                                    </technique_common>
                                </bind_material>
                            </instance_geometry>
                        </node>
                        <node id="ID186" name="instance_25">
                            <matrix>0.9914449 -4.108784e-18 -0.1305262 3.432341 5.295537e-30 1 -3.147862e-17 7.834646 0.1305262 3.120931e-17 0.9914449 3.871026 0 0 0 1</matrix>
                            <instance_geometry url="#ID187">
                                <bind_material>
                                    <technique_common>
                                        <instance_material symbol="Material2" target="#ID8">
                                            <bind_vertex_input semantic="UVSET0" input_semantic="TEXCOORD" input_set="0" />
                                        </instance_material>
                                        <instance_material symbol="Material3" target="#ID13">
                                            <bind_vertex_input semantic="UVSET0" input_semantic="TEXCOORD" input_set="0" />
                                        </instance_material>
                                    </technique_common>
                                </bind_material>
                            </instance_geometry>
                        </node>
                        <node id="ID193" name="instance_26">
                            <matrix>0.9914449 -4.802709e-16 0.1305262 3.51828 4.720533e-16 1 9.389724e-17 -2.273737e-13 -0.1305262 -3.147862e-17 0.9914449 3.992732 0 0 0 1</matrix>
                            <instance_geometry url="#ID194">
                                <bind_material>
                                    <technique_common>
                                        <instance_material symbol="Material2" target="#ID8">
                                            <bind_vertex_input semantic="UVSET0" input_semantic="TEXCOORD" input_set="0" />
                                        </instance_material>
                                        <instance_material symbol="Material3" target="#ID13">
                                            <bind_vertex_input semantic="UVSET0" input_semantic="TEXCOORD" input_set="0" />
                                        </instance_material>
                                    </technique_common>
                                </bind_material>
                            </instance_geometry>
                        </node>
                        <node id="ID200" name="instance_27">
                            <matrix>0.9238795 -9.56433e-16 0.3826834 3.546852 8.955721e-16 1 3.371774e-16 -4.547474e-13 -0.3826834 3.120931e-17 0.9238795 4.099363 0 0 0 1</matrix>
                            <instance_geometry url="#ID201">
                                <bind_material>
                                    <technique_common>
                                        <instance_material symbol="Material2" target="#ID8">
                                            <bind_vertex_input semantic="UVSET0" input_semantic="TEXCOORD" input_set="0" />
                                        </instance_material>
                                        <instance_material symbol="Material3" target="#ID13">
                                            <bind_vertex_input semantic="UVSET0" input_semantic="TEXCOORD" input_set="0" />
                                        </instance_material>
                                    </technique_common>
                                </bind_material>
                            </instance_geometry>
                        </node>
                        <node id="ID207" name="instance_28">
                            <matrix>0.6087614 -8.146341e-17 0.7933533 3.627339 -1.064371e-16 1 1.843544e-16 7.834646 -0.7933533 -1.966701e-16 0.6087614 4.341793 0 0 0 1</matrix>
                            <instance_geometry url="#ID208">
                                <bind_material>
                                    <technique_common>
                                        <instance_material symbol="Material2" target="#ID8">
                                            <bind_vertex_input semantic="UVSET0" input_semantic="TEXCOORD" input_set="0" />
                                        </instance_material>
                                        <instance_material symbol="Material3" target="#ID13">
                                            <bind_vertex_input semantic="UVSET0" input_semantic="TEXCOORD" input_set="0" />
                                        </instance_material>
                                    </technique_common>
                                </bind_material>
                            </instance_geometry>
                        </node>
                        <node id="ID214" name="instance_29">
                            <matrix>0.7933533 -1.400145e-15 0.6087614 3.602048 1.241694e-15 1 6.817827e-16 0 -0.6087614 2.15001e-16 0.7933533 4.194966 0 0 0 1</matrix>
                            <instance_geometry url="#ID215">
                                <bind_material>
                                    <technique_common>
                                        <instance_material symbol="Material2" target="#ID8">
                                            <bind_vertex_input semantic="UVSET0" input_semantic="TEXCOORD" input_set="0" />
                                        </instance_material>
                                        <instance_material symbol="Material3" target="#ID13">
                                            <bind_vertex_input semantic="UVSET0" input_semantic="TEXCOORD" input_set="0" />
                                        </instance_material>
                                    </technique_common>
                                </bind_material>
                            </instance_geometry>
                        </node>
                        <node id="ID221" name="instance_30">
                            <matrix>0.6087614 -1.78117e-15 0.7933533 3.680107 1.486832e-15 1 1.104229e-15 -4.547474e-13 -0.7933533 5.073714e-16 0.6087614 4.273025 0 0 0 1</matrix>
                            <instance_geometry url="#ID222">
                                <bind_material>
                                    <technique_common>
                                        <instance_material symbol="Material2" target="#ID8">
                                            <bind_vertex_input semantic="UVSET0" input_semantic="TEXCOORD" input_set="0" />
                                        </instance_material>
                                        <instance_material symbol="Material3" target="#ID13">
                                            <bind_vertex_input semantic="UVSET0" input_semantic="TEXCOORD" input_set="0" />
                                        </instance_material>
                                    </technique_common>
                                </bind_material>
                            </instance_geometry>
                        </node>
                        <node id="ID228" name="instance_31">
                            <matrix>0.3826834 -2.07354e-15 0.9238795 3.77571 1.61428e-15 1 1.575727e-15 0 -0.9238795 8.883959e-16 0.3826834 4.328221 0 0 0 1</matrix>
                            <instance_geometry url="#ID229">
                                <bind_material>
                                    <technique_common>
                                        <instance_material symbol="Material2" target="#ID8">
                                            <bind_vertex_input semantic="UVSET0" input_semantic="TEXCOORD" input_set="0" />
                                        </instance_material>
                                        <instance_material symbol="Material3" target="#ID13">
                                            <bind_vertex_input semantic="UVSET0" input_semantic="TEXCOORD" input_set="0" />
                                        </instance_material>
                                    </technique_common>
                                </bind_material>
                            </instance_geometry>
                        </node>
                        <node id="ID235" name="instance_32">
                            <matrix>0.1305262 -2.257332e-15 0.9914449 3.88234 1.615353e-15 1 2.064145e-15 -2.273737e-13 -0.9914449 1.332108e-15 0.1305262 4.356792 0 0 0 1</matrix>
                            <instance_geometry url="#ID236">
                                <bind_material>
                                    <technique_common>
                                        <instance_material symbol="Material2" target="#ID8">
                                            <bind_vertex_input semantic="UVSET0" input_semantic="TEXCOORD" input_set="0" />
                                        </instance_material>
                                        <instance_material symbol="Material3" target="#ID13">
                                            <bind_vertex_input semantic="UVSET0" input_semantic="TEXCOORD" input_set="0" />
                                        </instance_material>
                                    </technique_common>
                                </bind_material>
                            </instance_geometry>
                        </node>
                        <node id="ID242" name="instance_33">
                            <matrix>-0.1305262 -2.32002e-15 0.9914449 3.992732 1.489977e-15 1 2.536199e-15 0 -0.9914449 1.80827e-15 -0.1305262 4.356792 0 0 0 1</matrix>
                            <instance_geometry url="#ID243">
                                <bind_material>
